249
69,192,204,267
314
146,284,375
211,221,334
163,171,339
193,231,437
194,440,465
80,501
39,200
412
151,277,317,504
298,376,477
481
35,463
45,90,150,184,274
9,379
432
105,404,413
331,452
2,122,509
415
48,241
405,430,456
7,62,328
53,279,326,335
77,179
76,491
273,473,497
118,198,218,258,462
365
166,401
240
26,299
11,260,421
32,324,503
321
57,325,345
257,489
259,359,469
17,181,252
227,330
217,254,366
31,160
67,352
289,354
74,110
38,68,269
65,147,167,483
191
144,302
233,464
246,467,515
14,43,54
112,216,270
87,195,482
46,52,349
101,133
251,392
129
85,162
58
348,355,422
75,313
81,137,300
13,197
408,431
50,94,109
97,441
49
100,510
28,255
508
320
170,389
20,201
44,152,312
66,306
161
64,402
175
3,72,228
33
232,373
180,190,305,506
142
285
51,111
5,311,498
470,484
59,177,518
364
79,288
385
159,369
103
319
12
411,439
1,135,169,226
372
153
0,396
500
140,406
98,315
95,264,327,499
309
126,433
37,407,420,494
27,249
356,448,471
380
116,173,256
423,434,476,512
223,247
461
308,451
443,460
367,371
56,136,387,517
41,272
138,496
25,346
61,222,235,514
196,205,329
16,154,229
176,493
357
93,165
102,337
202,239,244
82,342
178,265
304
92,318
307
362
84,351,358
238,416
472
206
242,400
368,468,480
208,268,428,438
383
23,55,310
271,291,414,479
388
447,519
86,399
209,455
91,297
336
71
121,134,236,449
427
295
89,213
36,282
381
127,245,386
172,278,393
219,276,458,485
130,511
234,347,363,450
8
189
394
96,350
263,280,301
29,188,513
73,115,390
15
424,505
125
187
40,486
224,382
19,445,454
99,155
340
4,149,293,303
132
459,488
338,490
225,286
322
106,237,360,398
42,168,403
212,410
119,250,478
108
143,183,333,487
409
6,266
10,128,343
141,292,446
30,34,174
70,243,495
182
60,384
210
113,123,475
18,435
47
377
261
294
148,474
316,332,516
131
374
139,157
21
283,418,453
185
24,215,290
207,341
444
353
220,287,466
156
429
114,186,248,370
502
378
124,507
492
397
145
120,344,417
275,361,426
22
117
230
203
253
107,158
323,442
457
78,199
281
83,391,425
395
214
164,296
63,104,436
88,419
262
69,192,204,267
71,92,263,280,301,318,381
53,279,335
89,213
331,452
112,216,270,454
462
424,505
187,517
351,397
173,256
23,290
87,411,482
28,255
30,34,174
4
434
166,401
449
180,190,506
418
227,330
405
50,109
7,62,209,328,455
63,104,149,436
76,108,491
127,245,386
201
101,133,202
36,242,282,388,400
193,231,437
91,297
8,16,229,385
211,221,334
336
337
493
129,261,358,378
182
238,416
232,373
19,27,139,157,249
357
289,354
110
59,177
85,162,214
103,189
65,312
240
61,222,235,304,514
45
106,360
80,309,501
353,511
98,128,315,343
223,247
125
75,273,497
48,241
217,254,294,366
60,384
100,281,429,510
194
208,268,428,438
33
132,442
32
2,122,509
95,264,327,499
320,481,508
183,333,422
398
14,54
84,154,225,286
58
79,164,288
64,322,402,470,484
172
25,346
22
83,391,425
324
142
266,296
43
316,332,362,516
88,458,485
171
9,379
81
140,145,406
147,167,483
114,186,248,370
340
10
441
0,396
382
99,155,163,339
413
40,285,486,498
138
57,325,345
338
319
126,372,380,433
492
251,392
447
394
42,49,168,230,403
408,431
118,198,218,258
466
175,314
440,465
170,389
212,410
277,504
495
367
237
82,342
13,197,347
161,206
376
44,152
348,355
239
74
158
66,306
321
35,39,200,308,463
375
374
134,236
395,472
195
244
471
430
86,188,271,291,399,479
41,156,272
119,178,250,265,419,478
414
519
78,199
443,460
93,165
344,417
21,55,310
453
432
293,303
219,276
29
105,404,412
259,359,469
37,141,292,407,420,446,494
461,513
507
451
5,311
191
121,260,421
96,298
146,284
20
94,116
11
427
113,123,475
176
459,488
153,159,369
15
97,234
326
300
56,136,387,502
490
313
283
305
278,393
1,135,169,226
220
124
51,111
349,500
323,363,415,450
38,68,269
137
148,457,474
31
46,52,246,467,515
185
383
24,215
73,115,203,390
18,409,435
47
368,468,480
262
295,364
477
518
131
130,350
151,317
12
423,512
184,274,476
210
307
445
329
233,464,496
150,196
439
102,503
257,489
356,448
120
143,487
377
144,302
117
275,361,426
17,181
107
224
205
70,243,253
160
26,299
456
67,352
473
3,72,228
365
207,341,371,444
287
90
6,77,179
252